"id_F":
	"value": F,
	"coords": [(0, 2), (4, 3), (7, 19), (9, 4)],
	"perms": [((0, 2), (4, 3)), ((0, 2), (7, 19)), ((0, 2), (9, 4)), ((4, 3), (0, 2)), ((4, 3), (7, 19)), ((4, 3), (9, 4)), ((7, 19), (0, 2)), ((7, 19), (4, 3)), ((7, 19), (9, 4)), ((9, 4), (0, 2)), ((9, 4), (4, 3)), ((9, 4), (7, 19))],
	"antinodes": [(8, 4), (5, 34), (14, 36), (18, 6), (10, 35), (14, 5)],

"id_L":
	"value": L,
	"coords": [(0, 13), (1, 28), (3, 15), (10, 0)],
	"perms": [((0, 13), (1, 28)), ((0, 13), (3, 15)), ((0, 13), (10, 0)), ((1, 28), (0, 13)), ((1, 28), (3, 15)), ((1, 28), (10, 0)), ((3, 15), (0, 13)), ((3, 15), (1, 28)), ((3, 15), (10, 0)), ((10, 0), (0, 13)), ((10, 0), (1, 28)), ((10, 0), (3, 15))],
	"antinodes": [(2, 43), (5, 2), (6, 17)],

"id_5":
	"value": 5,
	"coords": [(0, 26), (3, 25), (7, 10), (8, 23)],
	"perms": [((0, 26), (3, 25)), ((0, 26), (7, 10)), ((0, 26), (8, 23)), ((3, 25), (0, 26)), ((3, 25), (7, 10)), ((3, 25), (8, 23)), ((7, 10), (0, 26)), ((7, 10), (3, 25)), ((7, 10), (8, 23)), ((8, 23), (0, 26)), ((8, 23), (3, 25)), ((8, 23), (7, 10))],
	"antinodes": [(6, 24), (16, 20), (13, 21), (9, 36)],

"id_U":
	"value": U,
	"coords": [(1, 30), (5, 37), (8, 26), (10, 19)],
	"perms": [((1, 30), (5, 37)), ((1, 30), (8, 26)), ((1, 30), (10, 19)), ((5, 37), (1, 30)), ((5, 37), (8, 26)), ((5, 37), (10, 19)), ((8, 26), (1, 30)), ((8, 26), (5, 37)), ((8, 26), (10, 19)), ((10, 19), (1, 30)), ((10, 19), (5, 37)), ((10, 19), (8, 26))],
	"antinodes": [(19, 8), (15, 1), (6, 33), (9, 44), (2, 48), (12, 12), (11, 15), (15, 22)],

"id_z":
	"value": z,
	"coords": [(3, 13), (5, 28), (10, 11), (14, 20)],
	"perms": [((3, 13), (5, 28)), ((3, 13), (10, 11)), ((3, 13), (14, 20)), ((5, 28), (3, 13)), ((5, 28), (10, 11)), ((5, 28), (14, 20)), ((10, 11), (3, 13)), ((10, 11), (5, 28)), ((10, 11), (14, 20)), ((14, 20), (3, 13)), ((14, 20), (5, 28)), ((14, 20), (10, 11))],
	"antinodes": [(7, 43), (6, 2), (0, 45), (18, 29), (17, 9), (23, 12), (25, 27)],

"id_4":
	"value": 4,
	"coords": [(3, 31), (4, 23), (8, 24), (15, 18)],
	"perms": [((3, 31), (4, 23)), ((3, 31), (8, 24)), ((3, 31), (15, 18)), ((4, 23), (3, 31)), ((4, 23), (8, 24)), ((4, 23), (15, 18)), ((8, 24), (3, 31)), ((8, 24), (4, 23)), ((8, 24), (15, 18)), ((15, 18), (3, 31)), ((15, 18), (4, 23)), ((15, 18), (8, 24))],
	"antinodes": [(5, 15), (27, 5), (13, 17), (2, 39), (1, 30), (26, 13), (0, 22), (12, 25), (22, 12)],

"id_8":
	"value": 8,
	"coords": [(3, 40), (4, 25), (5, 23), (12, 38)],
	"perms": [((3, 40), (4, 25)), ((3, 40), (5, 23)), ((3, 40), (12, 38)), ((4, 25), (3, 40)), ((4, 25), (5, 23)), ((4, 25), (12, 38)), ((5, 23), (3, 40)), ((5, 23), (4, 25)), ((5, 23), (12, 38)), ((12, 38), (3, 40)), ((12, 38), (4, 25)), ((12, 38), (5, 23))],
	"antinodes": [(21, 36), (3, 27), (6, 21), (5, 10), (7, 6)],

"id_1":
	"value": 1,
	"coords": [(3, 45), (14, 26), (18, 23), (19, 24)],
	"perms": [((3, 45), (14, 26)), ((3, 45), (18, 23)), ((3, 45), (19, 24)), ((14, 26), (3, 45)), ((14, 26), (18, 23)), ((14, 26), (19, 24)), ((18, 23), (3, 45)), ((18, 23), (14, 26)), ((18, 23), (19, 24)), ((19, 24), (3, 45)), ((19, 24), (14, 26)), ((19, 24), (18, 23))],
	"antinodes": [(33, 1), (9, 28), (22, 20), (17, 22), (35, 3), (24, 22), (10, 29), (20, 25), (25, 7)],

"id_P":
	"value": P,
	"coords": [(3, 47), (4, 39), (10, 38)],
	"perms": [((3, 47), (4, 39)), ((3, 47), (10, 38)), ((4, 39), (3, 47)), ((4, 39), (10, 38)), ((10, 38), (3, 47)), ((10, 38), (4, 39))],
	"antinodes": [(5, 31), (17, 29), (16, 37)],

"id_D":
	"value": D,
	"coords": [(4, 20), (6, 7), (11, 10), (13, 19)],
	"perms": [((4, 20), (6, 7)), ((4, 20), (11, 10)), ((4, 20), (13, 19)), ((6, 7), (4, 20)), ((6, 7), (11, 10)), ((6, 7), (13, 19)), ((11, 10), (4, 20)), ((11, 10), (6, 7)), ((11, 10), (13, 19)), ((13, 19), (4, 20)), ((13, 19), (6, 7)), ((13, 19), (11, 10))],
	"antinodes": [(22, 18), (2, 33), (16, 13), (18, 0), (1, 4), (15, 28), (9, 1), (20, 31)],

"id_J":
	"value": J,
	"coords": [(4, 46), (5, 40), (6, 43), (13, 27)],
	"perms": [((4, 46), (5, 40)), ((4, 46), (6, 43)), ((4, 46), (13, 27)), ((5, 40), (4, 46)), ((5, 40), (6, 43)), ((5, 40), (13, 27)), ((6, 43), (4, 46)), ((6, 43), (5, 40)), ((6, 43), (13, 27)), ((13, 27), (4, 46)), ((13, 27), (5, 40)), ((13, 27), (6, 43))],
	"antinodes": [(20, 11), (22, 8), (2, 49), (7, 46), (6, 34), (4, 37), (21, 14), (8, 40)],

"id_f":
	"value": f,
	"coords": [(5, 6), (6, 10), (8, 13), (19, 1)],
	"perms": [((5, 6), (6, 10)), ((5, 6), (8, 13)), ((5, 6), (19, 1)), ((6, 10), (5, 6)), ((6, 10), (8, 13)), ((6, 10), (19, 1)), ((8, 13), (5, 6)), ((8, 13), (6, 10)), ((8, 13), (19, 1)), ((19, 1), (5, 6)), ((19, 1), (6, 10)), ((19, 1), (8, 13))],
	"antinodes": [(11, 20), (4, 2), (10, 16), (4, 7), (7, 14)],

"id_B":
	"value": B,
	"coords": [(6, 19), (21, 38), (22, 40), (25, 41)],
	"perms": [((6, 19), (21, 38)), ((6, 19), (22, 40)), ((6, 19), (25, 41)), ((21, 38), (6, 19)), ((21, 38), (22, 40)), ((21, 38), (25, 41)), ((22, 40), (6, 19)), ((22, 40), (21, 38)), ((22, 40), (25, 41)), ((25, 41), (6, 19)), ((25, 41), (21, 38)), ((25, 41), (22, 40))],
	"antinodes": [(28, 42), (23, 42), (17, 35), (20, 36), (19, 39), (29, 44)],

"id_o":
	"value": o,
	"coords": [(6, 22), (7, 6), (12, 15), (13, 11)],
	"perms": [((6, 22), (7, 6)), ((6, 22), (12, 15)), ((6, 22), (13, 11)), ((7, 6), (6, 22)), ((7, 6), (12, 15)), ((7, 6), (13, 11)), ((12, 15), (6, 22)), ((12, 15), (7, 6)), ((12, 15), (13, 11)), ((13, 11), (6, 22)), ((13, 11), (7, 6)), ((13, 11), (12, 15))],
	"antinodes": [(0, 29), (14, 7), (1, 1), (11, 19), (19, 16), (20, 0), (5, 38), (17, 24), (18, 8)],

"id_m":
	"value": m,
	"coords": [(6, 32), (7, 30), (11, 43), (18, 25)],
	"perms": [((6, 32), (7, 30)), ((6, 32), (11, 43)), ((6, 32), (18, 25)), ((7, 30), (6, 32)), ((7, 30), (11, 43)), ((7, 30), (18, 25)), ((11, 43), (6, 32)), ((11, 43), (7, 30)), ((11, 43), (18, 25)), ((18, 25), (6, 32)), ((18, 25), (7, 30)), ((18, 25), (11, 43))],
	"antinodes": [(5, 34), (1, 21), (3, 17), (29, 20), (8, 28), (30, 18), (25, 7)],

"id_X":
	"value": X,
	"coords": [(6, 44), (7, 43), (12, 25), (19, 42)],
	"perms": [((6, 44), (7, 43)), ((6, 44), (12, 25)), ((6, 44), (19, 42)), ((7, 43), (6, 44)), ((7, 43), (12, 25)), ((7, 43), (19, 42)), ((12, 25), (6, 44)), ((12, 25), (7, 43)), ((12, 25), (19, 42)), ((19, 42), (6, 44)), ((19, 42), (7, 43)), ((19, 42), (12, 25))],
	"antinodes": [(17, 7), (32, 40), (5, 8), (8, 42), (18, 6), (5, 45), (31, 41)],

"id_6":
	"value": 6,
	"coords": [(7, 38), (9, 35), (14, 34), (20, 33)],
	"perms": [((7, 38), (9, 35)), ((7, 38), (14, 34)), ((7, 38), (20, 33)), ((9, 35), (7, 38)), ((9, 35), (14, 34)), ((9, 35), (20, 33)), ((14, 34), (7, 38)), ((14, 34), (9, 35)), ((14, 34), (20, 33)), ((20, 33), (7, 38)), ((20, 33), (9, 35)), ((20, 33), (14, 34))],
	"antinodes": [(0, 42), (19, 33), (4, 36), (11, 32), (33, 28), (26, 32), (8, 35), (21, 30), (31, 31), (5, 41)],

"id_s":
	"value": s,
	"coords": [(8, 4), (11, 2), (19, 11), (24, 5)],
	"perms": [((8, 4), (11, 2)), ((8, 4), (19, 11)), ((8, 4), (24, 5)), ((11, 2), (8, 4)), ((11, 2), (19, 11)), ((11, 2), (24, 5)), ((19, 11), (8, 4)), ((19, 11), (11, 2)), ((19, 11), (24, 5)), ((24, 5), (8, 4)), ((24, 5), (11, 2)), ((24, 5), (19, 11))],
	"antinodes": [(14, 17), (27, 20), (40, 6), (14, 0), (5, 6), (37, 8), (30, 18)],

"id_n":
	"value": n,
	"coords": [(8, 17), (9, 38), (12, 42), (17, 33)],
	"perms": [((8, 17), (9, 38)), ((8, 17), (12, 42)), ((8, 17), (17, 33)), ((9, 38), (8, 17)), ((9, 38), (12, 42)), ((9, 38), (17, 33)), ((12, 42), (8, 17)), ((12, 42), (9, 38)), ((12, 42), (17, 33)), ((17, 33), (8, 17)), ((17, 33), (9, 38)), ((17, 33), (12, 42))],
	"antinodes": [(6, 34), (26, 49), (25, 28), (22, 24), (15, 46), (1, 43)],

"id_E":
	"value": E,
	"coords": [(8, 31), (10, 32), (15, 28), (19, 33)],
	"perms": [((8, 31), (10, 32)), ((8, 31), (15, 28)), ((8, 31), (19, 33)), ((10, 32), (8, 31)), ((10, 32), (15, 28)), ((10, 32), (19, 33)), ((15, 28), (8, 31)), ((15, 28), (10, 32)), ((15, 28), (19, 33)), ((19, 33), (8, 31)), ((19, 33), (10, 32)), ((19, 33), (15, 28))],
	"antinodes": [(11, 23), (12, 33), (20, 24), (1, 31), (1, 34), (6, 30), (5, 36), (30, 35), (23, 38), (28, 34), (22, 25)],

"id_3":
	"value": 3,
	"coords": [(8, 48), (9, 37), (10, 41)],
	"perms": [((8, 48), (9, 37)), ((8, 48), (10, 41)), ((9, 37), (8, 48)), ((9, 37), (10, 41)), ((10, 41), (8, 48)), ((10, 41), (9, 37))],
	"antinodes": [(10, 26), (12, 34), (8, 33), (11, 45)],

"id_l":
	"value": l,
	"coords": [(9, 12), (17, 19), (18, 14), (22, 7)],
	"perms": [((9, 12), (17, 19)), ((9, 12), (18, 14)), ((9, 12), (22, 7)), ((17, 19), (9, 12)), ((17, 19), (18, 14)), ((17, 19), (22, 7)), ((18, 14), (9, 12)), ((18, 14), (17, 19)), ((18, 14), (22, 7)), ((22, 7), (9, 12)), ((22, 7), (17, 19)), ((22, 7), (18, 14))],
	"antinodes": [(0, 10), (1, 5), (16, 24), (26, 0), (19, 9), (27, 16), (12, 31), (35, 2), (14, 21), (25, 26)],

"id_k":
	"value": k,
	"coords": [(9, 20), (10, 36), (11, 25), (36, 39)],
	"perms": [((9, 20), (10, 36)), ((9, 20), (11, 25)), ((9, 20), (36, 39)), ((10, 36), (9, 20)), ((10, 36), (11, 25)), ((10, 36), (36, 39)), ((11, 25), (9, 20)), ((11, 25), (10, 36)), ((11, 25), (36, 39)), ((36, 39), (9, 20)), ((36, 39), (10, 36)), ((36, 39), (11, 25))],
	"antinodes": [(13, 30), (8, 4), (9, 47), (7, 15), (12, 14)],

"id_7":
	"value": 7,
	"coords": [(10, 16), (16, 23), (19, 15), (27, 22)],
	"perms": [((10, 16), (16, 23)), ((10, 16), (19, 15)), ((10, 16), (27, 22)), ((16, 23), (10, 16)), ((16, 23), (19, 15)), ((16, 23), (27, 22)), ((19, 15), (10, 16)), ((19, 15), (16, 23)), ((19, 15), (27, 22)), ((27, 22), (10, 16)), ((27, 22), (16, 23)), ((27, 22), (19, 15))],
	"antinodes": [(5, 24), (4, 9), (22, 30), (35, 29), (44, 28), (22, 7), (1, 17), (38, 21), (13, 31), (11, 8), (28, 14)],

"id_b":
	"value": b,
	"coords": [(10, 42), (14, 39), (15, 36), (25, 43)],
	"perms": [((10, 42), (14, 39)), ((10, 42), (15, 36)), ((10, 42), (25, 43)), ((14, 39), (10, 42)), ((14, 39), (15, 36)), ((14, 39), (25, 43)), ((15, 36), (10, 42)), ((15, 36), (14, 39)), ((15, 36), (25, 43)), ((25, 43), (10, 42)), ((25, 43), (14, 39)), ((25, 43), (15, 36))],
	"antinodes": [(20, 30), (18, 36), (13, 42), (3, 35), (40, 44), (5, 29), (6, 45), (5, 48), (36, 47), (16, 33)],

"id_h":
	"value": h,
	"coords": [(11, 21), (21, 24), (22, 31), (28, 32)],
	"perms": [((11, 21), (21, 24)), ((11, 21), (22, 31)), ((11, 21), (28, 32)), ((21, 24), (11, 21)), ((21, 24), (22, 31)), ((21, 24), (28, 32)), ((22, 31), (11, 21)), ((22, 31), (21, 24)), ((22, 31), (28, 32)), ((28, 32), (11, 21)), ((28, 32), (21, 24)), ((28, 32), (22, 31))],
	"antinodes": [(45, 43), (1, 18), (34, 33), (31, 27), (20, 17), (14, 16), (0, 11), (23, 38), (33, 41), (16, 30), (35, 40)],

"id_G":
	"value": G,
	"coords": [(11, 31), (14, 33), (15, 32), (18, 36)],
	"perms": [((11, 31), (14, 33)), ((11, 31), (15, 32)), ((11, 31), (18, 36)), ((14, 33), (11, 31)), ((14, 33), (15, 32)), ((14, 33), (18, 36)), ((15, 32), (11, 31)), ((15, 32), (14, 33)), ((15, 32), (18, 36)), ((18, 36), (11, 31)), ((18, 36), (14, 33)), ((18, 36), (15, 32))],
	"antinodes": [(4, 26), (19, 33), (10, 30), (25, 41), (17, 35), (22, 39), (8, 29), (16, 31), (12, 28), (21, 40), (13, 34), (7, 30)],

"id_y":
	"value": y,
	"coords": [(11, 40), (14, 44), (19, 47), (22, 49)],
	"perms": [((11, 40), (14, 44)), ((11, 40), (19, 47)), ((11, 40), (22, 49)), ((14, 44), (11, 40)), ((14, 44), (19, 47)), ((14, 44), (22, 49)), ((19, 47), (11, 40)), ((19, 47), (14, 44)), ((19, 47), (22, 49)), ((22, 49), (11, 40)), ((22, 49), (14, 44)), ((22, 49), (19, 47))],
	"antinodes": [(3, 33), (16, 45), (8, 36), (9, 41), (17, 48), (6, 39), (0, 31)],

"id_d":
	"value": d,
	"coords": [(12, 0), (15, 1), (17, 2), (20, 13)],
	"perms": [((12, 0), (15, 1)), ((12, 0), (17, 2)), ((12, 0), (20, 13)), ((15, 1), (12, 0)), ((15, 1), (17, 2)), ((15, 1), (20, 13)), ((17, 2), (12, 0)), ((17, 2), (15, 1)), ((17, 2), (20, 13)), ((20, 13), (12, 0)), ((20, 13), (15, 1)), ((20, 13), (17, 2))],
	"antinodes": [(28, 26), (25, 25), (22, 4), (13, 0), (19, 3), (18, 2), (23, 24)],

"id_9":
	"value": 9,
	"coords": [(14, 28), (15, 34), (18, 39), (25, 15)],
	"perms": [((14, 28), (15, 34)), ((14, 28), (18, 39)), ((14, 28), (25, 15)), ((15, 34), (14, 28)), ((15, 34), (18, 39)), ((15, 34), (25, 15)), ((18, 39), (14, 28)), ((18, 39), (15, 34)), ((18, 39), (25, 15)), ((25, 15), (14, 28)), ((25, 15), (15, 34)), ((25, 15), (18, 39))],
	"antinodes": [(10, 17), (12, 29), (21, 44), (13, 22), (16, 40), (3, 41), (36, 2)],

"id_Y":
	"value": Y,
	"coords": [(14, 37), (35, 27), (46, 30), (49, 26)],
	"perms": [((14, 37), (35, 27)), ((14, 37), (46, 30)), ((14, 37), (49, 26)), ((35, 27), (14, 37)), ((35, 27), (46, 30)), ((35, 27), (49, 26)), ((46, 30), (14, 37)), ((46, 30), (35, 27)), ((46, 30), (49, 26)), ((49, 26), (14, 37)), ((49, 26), (35, 27)), ((49, 26), (46, 30))],
	"antinodes": [(43, 34), (21, 28), (24, 24)],

"id_N":
	"value": N,
	"coords": [(15, 29), (18, 24), (31, 38), (34, 27)],
	"perms": [((15, 29), (18, 24)), ((15, 29), (31, 38)), ((15, 29), (34, 27)), ((18, 24), (15, 29)), ((18, 24), (31, 38)), ((18, 24), (34, 27)), ((31, 38), (15, 29)), ((31, 38), (18, 24)), ((31, 38), (34, 27)), ((34, 27), (15, 29)), ((34, 27), (18, 24)), ((34, 27), (31, 38))],
	"antinodes": [(37, 16), (21, 19), (2, 21), (5, 10), (12, 34), (47, 47), (28, 49)],

"id_p":
	"value": p,
	"coords": [(17, 29), (22, 46), (24, 35), (39, 48)],
	"perms": [((17, 29), (22, 46)), ((17, 29), (24, 35)), ((17, 29), (39, 48)), ((22, 46), (17, 29)), ((22, 46), (24, 35)), ((22, 46), (39, 48)), ((24, 35), (17, 29)), ((24, 35), (22, 46)), ((24, 35), (39, 48)), ((39, 48), (17, 29)), ((39, 48), (22, 46)), ((39, 48), (24, 35))],
	"antinodes": [(26, 24), (9, 22), (10, 23), (12, 12), (5, 44), (31, 41)],

"id_c":
	"value": c,
	"coords": [(17, 30), (34, 40), (36, 43), (39, 39)],
	"perms": [((17, 30), (34, 40)), ((17, 30), (36, 43)), ((17, 30), (39, 39)), ((34, 40), (17, 30)), ((34, 40), (36, 43)), ((34, 40), (39, 39)), ((36, 43), (17, 30)), ((36, 43), (34, 40)), ((36, 43), (39, 39)), ((39, 39), (17, 30)), ((39, 39), (34, 40)), ((39, 39), (36, 43))],
	"antinodes": [(38, 46), (32, 37), (0, 20), (42, 35), (44, 38), (33, 47), (29, 41)],

"id_v":
	"value": v,
	"coords": [(20, 40), (37, 26), (39, 23), (40, 31)],
	"perms": [((20, 40), (37, 26)), ((20, 40), (39, 23)), ((20, 40), (40, 31)), ((37, 26), (20, 40)), ((37, 26), (39, 23)), ((37, 26), (40, 31)), ((39, 23), (20, 40)), ((39, 23), (37, 26)), ((39, 23), (40, 31)), ((40, 31), (20, 40)), ((40, 31), (37, 26)), ((40, 31), (39, 23))],
	"antinodes": [(0, 49), (41, 20), (41, 39), (35, 29), (43, 36), (38, 15), (34, 21)],

"id_w":
	"value": w,
	"coords": [(23, 8), (26, 22), (27, 21), (36, 23)],
	"perms": [((23, 8), (26, 22)), ((23, 8), (27, 21)), ((23, 8), (36, 23)), ((26, 22), (23, 8)), ((26, 22), (27, 21)), ((26, 22), (36, 23)), ((27, 21), (23, 8)), ((27, 21), (26, 22)), ((27, 21), (36, 23)), ((36, 23), (23, 8)), ((36, 23), (26, 22)), ((36, 23), (27, 21))],
	"antinodes": [(46, 24), (31, 34), (25, 23), (28, 20), (29, 36), (49, 38), (18, 19), (45, 25), (16, 21)],

"id_A":
	"value": A,
	"coords": [(23, 15), (28, 1), (33, 4), (42, 0)],
	"perms": [((23, 15), (28, 1)), ((23, 15), (33, 4)), ((23, 15), (42, 0)), ((28, 1), (23, 15)), ((28, 1), (33, 4)), ((28, 1), (42, 0)), ((33, 4), (23, 15)), ((33, 4), (28, 1)), ((33, 4), (42, 0)), ((42, 0), (23, 15)), ((42, 0), (28, 1)), ((42, 0), (33, 4))],
	"antinodes": [(24, 8), (38, 7), (13, 26), (18, 29), (14, 2), (4, 30)],

"id_M":
	"value": M,
	"coords": [(23, 48), (28, 36), (33, 49), (46, 43)],
	"perms": [((23, 48), (28, 36)), ((23, 48), (33, 49)), ((23, 48), (46, 43)), ((28, 36), (23, 48)), ((28, 36), (33, 49)), ((28, 36), (46, 43)), ((33, 49), (23, 48)), ((33, 49), (28, 36)), ((33, 49), (46, 43)), ((46, 43), (23, 48)), ((46, 43), (28, 36)), ((46, 43), (33, 49))],
	"antinodes": [(13, 47), (33, 24), (23, 23), (10, 29)],

"id_O":
	"value": O,
	"coords": [(24, 23), (27, 27), (34, 26), (35, 28)],
	"perms": [((24, 23), (27, 27)), ((24, 23), (34, 26)), ((24, 23), (35, 28)), ((27, 27), (24, 23)), ((27, 27), (34, 26)), ((27, 27), (35, 28)), ((34, 26), (24, 23)), ((34, 26), (27, 27)), ((34, 26), (35, 28)), ((35, 28), (24, 23)), ((35, 28), (27, 27)), ((35, 28), (34, 26))],
	"antinodes": [(36, 30), (46, 33), (33, 24), (21, 19), (44, 29), (14, 20), (19, 26), (41, 25), (43, 29), (13, 18), (20, 28), (30, 31)],

"id_2":
	"value": 2,
	"coords": [(24, 43), (43, 18), (44, 24), (49, 17)],
	"perms": [((24, 43), (43, 18)), ((24, 43), (44, 24)), ((24, 43), (49, 17)), ((43, 18), (24, 43)), ((43, 18), (44, 24)), ((43, 18), (49, 17)), ((44, 24), (24, 43)), ((44, 24), (43, 18)), ((44, 24), (49, 17)), ((49, 17), (24, 43)), ((49, 17), (43, 18)), ((49, 17), (44, 24))],
	"antinodes": [(39, 31), (42, 12), (45, 30), (37, 19)],

"id_0":
	"value": 0,
	"coords": [(26, 25), (39, 10), (41, 9), (46, 12)],
	"perms": [((26, 25), (39, 10)), ((26, 25), (41, 9)), ((26, 25), (46, 12)), ((39, 10), (26, 25)), ((39, 10), (41, 9)), ((39, 10), (46, 12)), ((41, 9), (26, 25)), ((41, 9), (39, 10)), ((41, 9), (46, 12)), ((46, 12), (26, 25)), ((46, 12), (39, 10)), ((46, 12), (41, 9))],
	"antinodes": [(43, 8), (32, 8), (11, 41), (36, 6), (37, 11), (6, 38), (13, 40)],

"id_H":
	"value": H,
	"coords": [(26, 40), (41, 18), (42, 15), (43, 31)],
	"perms": [((26, 40), (41, 18)), ((26, 40), (42, 15)), ((26, 40), (43, 31)), ((41, 18), (26, 40)), ((41, 18), (42, 15)), ((41, 18), (43, 31)), ((42, 15), (26, 40)), ((42, 15), (41, 18)), ((42, 15), (43, 31)), ((43, 31), (26, 40)), ((43, 31), (41, 18)), ((43, 31), (42, 15))],
	"antinodes": [(39, 5), (45, 44), (44, 47), (40, 21), (43, 12), (9, 49)],

"id_j":
	"value": j,
	"coords": [(27, 24), (40, 22), (44, 19), (47, 21)],
	"perms": [((27, 24), (40, 22)), ((27, 24), (44, 19)), ((27, 24), (47, 21)), ((40, 22), (27, 24)), ((40, 22), (44, 19)), ((40, 22), (47, 21)), ((44, 19), (27, 24)), ((44, 19), (40, 22)), ((44, 19), (47, 21)), ((47, 21), (27, 24)), ((47, 21), (40, 22)), ((47, 21), (44, 19))],
	"antinodes": [(7, 27), (33, 23), (41, 17), (14, 26), (48, 16), (36, 25), (10, 29)],

"id_e":
	"value": e,
	"coords": [(27, 48), (39, 43), (44, 41), (46, 40)],
	"perms": [((27, 48), (39, 43)), ((27, 48), (44, 41)), ((27, 48), (46, 40)), ((39, 43), (27, 48)), ((39, 43), (44, 41)), ((39, 43), (46, 40)), ((44, 41), (27, 48)), ((44, 41), (39, 43)), ((44, 41), (46, 40)), ((46, 40), (27, 48)), ((46, 40), (39, 43)), ((46, 40), (44, 41))],
	"antinodes": [(49, 39), (32, 46), (48, 39), (34, 45), (42, 42)],

"id_Z":
	"value": Z,
	"coords": [(28, 8), (29, 23), (31, 6), (34, 7)],
	"perms": [((28, 8), (29, 23)), ((28, 8), (31, 6)), ((28, 8), (34, 7)), ((29, 23), (28, 8)), ((29, 23), (31, 6)), ((29, 23), (34, 7)), ((31, 6), (28, 8)), ((31, 6), (29, 23)), ((31, 6), (34, 7)), ((34, 7), (28, 8)), ((34, 7), (29, 23)), ((34, 7), (31, 6))],
	"antinodes": [(34, 4), (27, 40), (24, 39), (40, 6), (30, 38), (37, 8), (28, 5), (22, 9), (25, 10)],

"id_K":
	"value": K,
	"coords": [(28, 28), (29, 22), (33, 31), (34, 29)],
	"perms": [((28, 28), (29, 22)), ((28, 28), (33, 31)), ((28, 28), (34, 29)), ((29, 22), (28, 28)), ((29, 22), (33, 31)), ((29, 22), (34, 29)), ((33, 31), (28, 28)), ((33, 31), (29, 22)), ((33, 31), (34, 29)), ((34, 29), (28, 28)), ((34, 29), (29, 22)), ((34, 29), (33, 31))],
	"antinodes": [(25, 13), (35, 27), (27, 34), (22, 27), (32, 33), (30, 16), (39, 36), (37, 40), (23, 25), (38, 34), (24, 15), (40, 30)],

"id_S":
	"value": S,
	"coords": [(29, 17), (38, 4), (40, 7), (41, 6)],
	"perms": [((29, 17), (38, 4)), ((29, 17), (40, 7)), ((29, 17), (41, 6)), ((38, 4), (29, 17)), ((38, 4), (40, 7)), ((38, 4), (41, 6)), ((40, 7), (29, 17)), ((40, 7), (38, 4)), ((40, 7), (41, 6)), ((41, 6), (29, 17)), ((41, 6), (38, 4)), ((41, 6), (40, 7))],
	"antinodes": [(42, 10), (18, 27), (20, 30), (39, 8), (36, 1), (17, 28), (42, 5), (35, 2), (44, 8)],

"id_V":
	"value": V,
	"coords": [(30, 17), (40, 20), (43, 24)],
	"perms": [((30, 17), (40, 20)), ((30, 17), (43, 24)), ((40, 20), (30, 17)), ((40, 20), (43, 24)), ((43, 24), (30, 17)), ((43, 24), (40, 20))],
	"antinodes": [(37, 16), (20, 14), (46, 28), (17, 10)],

"id_x":
	"value": x,
	"coords": [(30, 32), (35, 41), (40, 39), (49, 38)],
	"perms": [((30, 32), (35, 41)), ((30, 32), (40, 39)), ((30, 32), (49, 38)), ((35, 41), (30, 32)), ((35, 41), (40, 39)), ((35, 41), (49, 38)), ((40, 39), (30, 32)), ((40, 39), (35, 41)), ((40, 39), (49, 38)), ((49, 38), (30, 32)), ((49, 38), (35, 41)), ((49, 38), (40, 39))],
	"antinodes": [(25, 23), (31, 40), (30, 43), (11, 26), (21, 44), (20, 25), (45, 37)],

"id_a":
	"value": a,
	"coords": [(32, 23), (41, 24), (42, 22), (47, 19)],
	"perms": [((32, 23), (41, 24)), ((32, 23), (42, 22)), ((32, 23), (47, 19)), ((41, 24), (32, 23)), ((41, 24), (42, 22)), ((41, 24), (47, 19)), ((42, 22), (32, 23)), ((42, 22), (41, 24)), ((42, 22), (47, 19)), ((47, 19), (32, 23)), ((47, 19), (41, 24)), ((47, 19), (42, 22))],
	"antinodes": [(22, 24), (43, 20), (40, 26), (35, 29), (37, 25), (23, 22), (17, 27)],

"id_T":
	"value": T,
	"coords": [(34, 30), (36, 25), (41, 19), (43, 16)],
	"perms": [((34, 30), (36, 25)), ((34, 30), (41, 19)), ((34, 30), (43, 16)), ((36, 25), (34, 30)), ((36, 25), (41, 19)), ((36, 25), (43, 16)), ((41, 19), (34, 30)), ((41, 19), (36, 25)), ((41, 19), (43, 16)), ((43, 16), (34, 30)), ((43, 16), (36, 25)), ((43, 16), (41, 19))],
	"antinodes": [(38, 20), (45, 13), (46, 13), (48, 8), (25, 44), (32, 35), (39, 22), (29, 34), (31, 31), (27, 41)],

"id_t":
	"value": t,
	"coords": [(35, 33), (43, 34), (44, 37), (46, 42)],
	"perms": [((35, 33), (43, 34)), ((35, 33), (44, 37)), ((35, 33), (46, 42)), ((43, 34), (35, 33)), ((43, 34), (44, 37)), ((43, 34), (46, 42)), ((44, 37), (35, 33)), ((44, 37), (43, 34)), ((44, 37), (46, 42)), ((46, 42), (35, 33)), ((46, 42), (43, 34)), ((46, 42), (44, 37))],
	"antinodes": [(42, 32), (40, 26), (42, 31), (26, 29), (27, 32), (45, 40), (48, 47), (24, 24)],

"id_g":
	"value": g,
	"coords": [(36, 14), (44, 17), (45, 21), (47, 16)],
	"perms": [((36, 14), (44, 17)), ((36, 14), (45, 21)), ((36, 14), (47, 16)), ((44, 17), (36, 14)), ((44, 17), (45, 21)), ((44, 17), (47, 16)), ((45, 21), (36, 14)), ((45, 21), (44, 17)), ((45, 21), (47, 16)), ((47, 16), (36, 14)), ((47, 16), (44, 17)), ((47, 16), (45, 21))],
	"antinodes": [(41, 18), (25, 12), (43, 13), (27, 7), (43, 26), (46, 25), (49, 11), (28, 11)],

"id_u":
	"value": u,
	"coords": [(38, 39), (43, 38), (44, 34), (45, 45)],
	"perms": [((38, 39), (43, 38)), ((38, 39), (44, 34)), ((38, 39), (45, 45)), ((43, 38), (38, 39)), ((43, 38), (44, 34)), ((43, 38), (45, 45)), ((44, 34), (38, 39)), ((44, 34), (43, 38)), ((44, 34), (45, 45)), ((45, 45), (38, 39)), ((45, 45), (43, 38)), ((45, 45), (44, 34))],
	"antinodes": [(48, 37), (41, 31), (31, 33), (43, 23), (33, 40), (32, 44), (45, 30), (42, 42)],

"id_C":
	"value": C,
	"coords": [(39, 46), (42, 29), (43, 47), (44, 48)],
	"perms": [((39, 46), (42, 29)), ((39, 46), (43, 47)), ((39, 46), (44, 48)), ((42, 29), (39, 46)), ((42, 29), (43, 47)), ((42, 29), (44, 48)), ((43, 47), (39, 46)), ((43, 47), (42, 29)), ((43, 47), (44, 48)), ((44, 48), (39, 46)), ((44, 48), (42, 29)), ((44, 48), (43, 47))],
	"antinodes": [(45, 49), (40, 10), (35, 45), (34, 44), (45, 12), (47, 48), (42, 46), (41, 11)],

"id_W":
	"value": W,
	"coords": [(41, 10), (42, 19), (45, 9), (46, 8)],
	"perms": [((41, 10), (42, 19)), ((41, 10), (45, 9)), ((41, 10), (46, 8)), ((42, 19), (41, 10)), ((42, 19), (45, 9)), ((42, 19), (46, 8)), ((45, 9), (41, 10)), ((45, 9), (42, 19)), ((45, 9), (46, 8)), ((46, 8), (41, 10)), ((46, 8), (42, 19)), ((46, 8), (45, 9))],
	"antinodes": [(38, 30), (40, 1), (44, 10), (47, 7), (36, 12), (37, 11), (39, 29), (49, 8), (43, 28)],

