0100000001010100000111011001000000001010111011011100000000011010
1000100000000000001000011001000111111110001011110100010111010001
0000000001101010001011111100001000111000100011010010011110001101
0100011001010011111000111001000100000000001000001111001011100010
1111001111100010010011000000000001111110110011010111101010111010
0110101000100000000011100110111010000000000101111111100100101100
1001001101001100111110100000111001010010100100001011010101101001
1100111000001111010010111010010100011000000000100001001111011001
0110001111000000000011011100010000000000000100001010100001111001
0000010110100000100100000000000000100001101100001101011000100100
1100001101000110000000001001000001100111001001011111111111001111
0101100101110100100100011100011000000000100011000000000110110000
0000000001000010001000110011010000100100100010001010001000000000
1111010000110111100011001001000110011000010000000001101110000111
0011000100011010000011000000100000000011111001100000000011111100
0100100010000111111100010100110011000000000111001000101011110001
0110101000100000000100000000001000011101000100100110000011011100
0111010100110000000001000010110000000001001010010101011100011001
0011011101111001111110010110101011011001101100110110000100000000
1001000001111010000000001001100000000000001000010101000100111110
0011100101000011011000000000000001000011001000100101110000011010
1000111010110010110000110000010000000000010000111100110000111011
0001100000000010101101000000000011010011110010100100101110001101
0011001010010010111000110111110000110000011000000000101100110010
0101101001010100000111011001011110010110000001101110001110000100
1011010100100100110000000110000000001000111010000000001001010001
0101101001100011100010100111001110100010001001100000000010011100
1101101001011101100000000010011000100000000011010100011100111000
0101000100010101000001000000000111101000101111110001011011100010
1010110011011111101101111101110011010100111101011100000000101000
1001011110100101001010001000110100101001100111011000100111001010
0110101010100110011100101010110101010001000110001000000001001111
0101100100101111110001011011111010000000001101110000000000000000
0100001000100001011111000110010010000111011000000000000010000111
0100011100101000010101010000110101001100000000010100100111110010
1001110100000000010100100100101011001100110100100101011001100111
1001010110100000110110001000000001000011001010111110101011000111
1001100110010101110010000110010010000011101001101111001110111001
1111011010000011001100111001011111011110101000000011111001000000
0001000000000100111100101000110011011000100101001011100111000100
1000101000110100101111000011011100011100111101111010101010000100
0000000101010101111000000000001000000001001011100010000100100110
0000100100100011110111000100110000100100100000000011010100101001
1001111011001110101100001010110001001101111111000000000101111001
1011100001100100100001100101110011111000100000000010111110011010
0000000001011110001001100100110000100101001101110010101010111010
1100100011011110101001110000011000000000100111110000000001011100
0011001010110111111111001111000110111111100100011100101011011111
1111001111000110111111100100101100111111101100000111001100000000
0101101001101111100100111011011000110011101100010010111000000000
0101010010100001001001001011111011101001110001010111000000000000
0100101100100100010100010010011011110110111000010001111001011100
0000000110011001101111011110110111001110010110001001001001110101
1100000100000000001001111110100101111011111001111110111100110011
0000111100010010011011011111001110000001011100110101010011111111
1100100000100110011100011011101101010100000000100101000100001100
1000000000110111100010001101111110100000000010011100101011111011
0001010011101100110111111110010101111101100010100111011001101111
0000000000000001101001110100111110010010010010101100100110010110
0111100010000110010001110010010111110010010100111111110100010011
0100010000000000111110011011010111010011000000000100101001000110
0100100010011010000000001010010010111110101011011000111101111111
0001111101110100100101111100001110011010000000000010000011110011
0101011101100001100011000111000101100100100000000011001010111011
0000000001001110010010111011110001000010100100101110111100010001
0110011100100111010011110001101010100000000001111000100100000010
0010011000101011000011010100011100011000001000101001110010000110
0000100010100101001000100110010100101000111110000110000000001000
1100111110100110111010000000001011110010011101011110001000100100
1000110001100101111100110110000100000000011001100010011101001100
1110101010011010100001100111100101001110010110001010101001011110
0101101111011110011100111111001101001001010001011110001000000000
1000110100100111110100100010011110001110111000110000110001001000
1001101100111101001000000011001101101101000000001100001011110000
0000001011011111010010000000101011001000001000000010100001111101
1000000010010110111101110000000000101000100000001000001011000000
0000000111011110000101000000000011000101000000000011010100000000
0101101010100010000000010011111001010100000000001011000100000000
0010100011000000000010010110000000001010011101000000000000011110
1111001000000000010011111000010000000000110010010010101100010111
0010100000000001111100001111010011000000000100111001101110001110
0001100110101000000000010111110110010110101001010001000010100111
1110011010011000100000000000111010101100100100101001010010100110
1110100110000101011110000011101001000000000010101110010010100010
10010100010111101001000101110000
