"id_F":
	"value": F,
	"coords": [(0, 2), (4, 3), (7, 19), (9, 4)],
	"perms": [((0, 2), (4, 3)), ((0, 2), (7, 19)), ((0, 2), (9, 4)), ((4, 3), (0, 2)), ((4, 3), (7, 19)), ((4, 3), (9, 4)), ((7, 19), (0, 2)), ((7, 19), (4, 3)), ((7, 19), (9, 4)), ((9, 4), (0, 2)), ((9, 4), (4, 3)), ((9, 4), (7, 19))],
	"antinodes": [(4, 3), (28, 9), (36, 10), (19, 6), (0, 2), (44, 11), (24, 8), (5, 34), (3, 49), (48, 14), (20, 7), (7, 19), (34, 9), (45, 12), (9, 4), (24, 7), (44, 13), (14, 36), (16, 6), (49, 12), (18, 6), (40, 12), (10, 35), (39, 10), (12, 5), (14, 5), (36, 11), (27, 8), (8, 4), (32, 10), (29, 8)],

"id_L":
	"value": L,
	"coords": [(0, 13), (1, 28), (3, 15), (10, 0)],
	"perms": [((0, 13), (1, 28)), ((0, 13), (3, 15)), ((0, 13), (10, 0)), ((1, 28), (0, 13)), ((1, 28), (3, 15)), ((1, 28), (10, 0)), ((3, 15), (0, 13)), ((3, 15), (1, 28)), ((3, 15), (10, 0)), ((10, 0), (0, 13)), ((10, 0), (1, 28)), ((10, 0), (3, 15))],
	"antinodes": [(1, 28), (39, 39), (48, 45), (10, 0), (36, 37), (45, 43), (27, 31), (30, 33), (33, 35), (15, 23), (42, 41), (24, 29), (6, 17), (18, 25), (12, 21), (21, 27), (3, 15), (9, 19), (0, 13), (5, 2), (2, 43)],

"id_5":
	"value": 5,
	"coords": [(0, 26), (3, 25), (7, 10), (8, 23)],
	"perms": [((0, 26), (3, 25)), ((0, 26), (7, 10)), ((0, 26), (8, 23)), ((3, 25), (0, 26)), ((3, 25), (7, 10)), ((3, 25), (8, 23)), ((7, 10), (0, 26)), ((7, 10), (3, 25)), ((7, 10), (8, 23)), ((8, 23), (0, 26)), ((8, 23), (3, 25)), ((8, 23), (7, 10))],
	"antinodes": [(15, 21), (16, 20), (18, 20), (21, 19), (6, 24), (10, 49), (12, 22), (3, 25), (28, 15), (43, 9), (48, 8), (9, 23), (0, 26), (24, 17), (7, 10), (18, 19), (8, 23), (32, 14), (33, 13), (48, 7), (48, 10), (39, 13), (45, 11), (23, 17), (36, 14), (42, 12), (27, 17), (30, 16), (38, 11), (33, 15), (24, 18), (13, 21), (40, 11), (9, 36)],

"id_U":
	"value": U,
	"coords": [(1, 30), (5, 37), (8, 26), (10, 19)],
	"perms": [((1, 30), (5, 37)), ((1, 30), (8, 26)), ((1, 30), (10, 19)), ((5, 37), (1, 30)), ((5, 37), (8, 26)), ((5, 37), (10, 19)), ((8, 26), (1, 30)), ((8, 26), (5, 37)), ((8, 26), (10, 19)), ((10, 19), (1, 30)), ((10, 19), (5, 37)), ((10, 19), (8, 26))],
	"antinodes": [(29, 14), (14, 4), (36, 10), (6, 33), (2, 48), (43, 6), (5, 37), (1, 30), (9, 44), (12, 12), (2, 47), (19, 8), (8, 26), (15, 1), (15, 22), (14, 5), (22, 18), (11, 15), (4, 40), (10, 19)],

"id_z":
	"value": z,
	"coords": [(3, 13), (5, 28), (10, 11), (14, 20)],
	"perms": [((3, 13), (5, 28)), ((3, 13), (10, 11)), ((3, 13), (14, 20)), ((5, 28), (3, 13)), ((5, 28), (10, 11)), ((5, 28), (14, 20)), ((10, 11), (3, 13)), ((10, 11), (5, 28)), ((10, 11), (14, 20)), ((14, 20), (3, 13)), ((14, 20), (5, 28)), ((14, 20), (10, 11))],
	"antinodes": [(31, 5), (45, 1), (0, 45), (18, 29), (17, 9), (3, 13), (22, 38), (5, 28), (36, 34), (6, 2), (23, 12), (26, 47), (7, 43), (10, 11), (24, 7), (38, 3), (25, 27), (32, 4), (14, 20), (47, 41)],

"id_4":
	"value": 4,
	"coords": [(3, 31), (4, 23), (8, 24), (15, 18)],
	"perms": [((3, 31), (4, 23)), ((3, 31), (8, 24)), ((3, 31), (15, 18)), ((4, 23), (3, 31)), ((4, 23), (8, 24)), ((4, 23), (15, 18)), ((8, 24), (3, 31)), ((8, 24), (4, 23)), ((8, 24), (15, 18)), ((15, 18), (3, 31)), ((15, 18), (4, 23)), ((15, 18), (8, 24))],
	"antinodes": [(16, 26), (40, 32), (2, 39), (12, 25), (3, 31), (36, 31), (8, 24), (13, 17), (32, 30), (18, 10), (1, 30), (23, 3), (36, 0), (37, 8), (5, 15), (4, 23), (28, 29), (26, 13), (0, 22), (29, 6), (6, 7), (24, 28), (48, 34), (22, 12), (1, 47), (27, 5), (20, 27), (48, 3), (15, 18), (44, 33)],

"id_8":
	"value": 8,
	"coords": [(3, 40), (4, 25), (5, 23), (12, 38)],
	"perms": [((3, 40), (4, 25)), ((3, 40), (5, 23)), ((3, 40), (12, 38)), ((4, 25), (3, 40)), ((4, 25), (5, 23)), ((4, 25), (12, 38)), ((5, 23), (3, 40)), ((5, 23), (4, 25)), ((5, 23), (12, 38)), ((12, 38), (3, 40)), ((12, 38), (4, 25)), ((12, 38), (5, 23))],
	"antinodes": [(1, 31), (6, 21), (48, 30), (5, 10), (11, 11), (16, 1), (3, 40), (2, 29), (7, 19), (12, 9), (39, 32), (21, 36), (3, 27), (8, 17), (13, 7), (7, 6), (14, 5), (5, 23), (4, 25), (9, 15), (12, 38), (10, 13), (0, 33), (15, 3), (30, 34)],

"id_1":
	"value": 1,
	"coords": [(3, 45), (14, 26), (18, 23), (19, 24)],
	"perms": [((3, 45), (14, 26)), ((3, 45), (18, 23)), ((3, 45), (19, 24)), ((14, 26), (3, 45)), ((14, 26), (18, 23)), ((14, 26), (19, 24)), ((18, 23), (3, 45)), ((18, 23), (14, 26)), ((18, 23), (19, 24)), ((19, 24), (3, 45)), ((19, 24), (14, 26)), ((19, 24), (18, 23))],
	"antinodes": [(32, 37), (18, 23), (29, 20), (41, 46), (4, 9), (22, 20), (42, 5), (23, 28), (14, 19), (5, 10), (9, 14), (0, 5), (46, 2), (1, 6), (25, 7), (44, 14), (4, 30), (19, 24), (28, 33), (37, 42), (10, 15), (6, 11), (26, 17), (2, 35), (24, 29), (33, 38), (42, 47), (15, 20), (34, 18), (6, 32), (20, 25), (43, 48), (29, 34), (38, 43), (39, 44), (33, 1), (30, 14), (36, 41), (11, 16), (2, 7), (34, 39), (9, 28), (3, 45), (49, 12), (30, 35), (24, 22), (10, 29), (16, 21), (39, 16), (7, 12), (34, 11), (25, 30), (26, 31), (35, 40), (44, 49), (21, 26), (12, 17), (3, 8), (22, 27), (14, 26), (31, 36), (40, 45), (17, 22), (35, 3), (8, 13), (27, 32), (13, 18), (38, 8)],

"id_P":
	"value": P,
	"coords": [(3, 47), (4, 39), (10, 38)],
	"perms": [((3, 47), (4, 39)), ((3, 47), (10, 38)), ((4, 39), (3, 47)), ((4, 39), (10, 38)), ((10, 38), (3, 47)), ((10, 38), (4, 39))],
	"antinodes": [(5, 31), (31, 11), (4, 39), (40, 33), (8, 7), (24, 20), (17, 29), (28, 35), (16, 37), (46, 32), (6, 23), (22, 36), (38, 2), (7, 15), (10, 38), (3, 47), (34, 34)],

"id_D":
	"value": D,
	"coords": [(4, 20), (6, 7), (11, 10), (13, 19)],
	"perms": [((4, 20), (6, 7)), ((4, 20), (11, 10)), ((4, 20), (13, 19)), ((6, 7), (4, 20)), ((6, 7), (11, 10)), ((6, 7), (13, 19)), ((11, 10), (4, 20)), ((11, 10), (6, 7)), ((11, 10), (13, 19)), ((13, 19), (4, 20)), ((13, 19), (6, 7)), ((13, 19), (11, 10))],
	"antinodes": [(2, 33), (21, 16), (19, 46), (31, 17), (36, 25), (16, 13), (27, 43), (40, 16), (31, 22), (9, 1), (20, 31), (4, 20), (11, 10), (18, 0), (13, 19), (6, 7), (49, 15), (26, 19), (46, 31), (15, 28), (22, 18), (0, 46), (1, 4), (17, 37), (41, 28)],

"id_J":
	"value": J,
	"coords": [(4, 46), (5, 40), (6, 43), (13, 27)],
	"perms": [((4, 46), (5, 40)), ((4, 46), (6, 43)), ((4, 46), (13, 27)), ((5, 40), (4, 46)), ((5, 40), (6, 43)), ((5, 40), (13, 27)), ((6, 43), (4, 46)), ((6, 43), (5, 40)), ((6, 43), (13, 27)), ((13, 27), (4, 46)), ((13, 27), (5, 40)), ((13, 27), (6, 43))],
	"antinodes": [(10, 37), (1, 28), (22, 8), (13, 27), (34, 1), (8, 49), (20, 11), (12, 34), (14, 31), (3, 34), (5, 40), (29, 1), (16, 28), (7, 28), (18, 25), (20, 22), (22, 19), (11, 4), (9, 16), (7, 46), (24, 16), (26, 13), (0, 25), (2, 31), (21, 14), (2, 49), (6, 34), (28, 10), (30, 7), (32, 4), (6, 43), (10, 10), (8, 22), (4, 37), (4, 46), (8, 40)],

"id_f":
	"value": f,
	"coords": [(5, 6), (6, 10), (8, 13), (19, 1)],
	"perms": [((5, 6), (6, 10)), ((5, 6), (8, 13)), ((5, 6), (19, 1)), ((6, 10), (5, 6)), ((6, 10), (8, 13)), ((6, 10), (19, 1)), ((8, 13), (5, 6)), ((8, 13), (6, 10)), ((8, 13), (19, 1)), ((19, 1), (5, 6)), ((19, 1), (6, 10)), ((19, 1), (8, 13))],
	"antinodes": [(30, 46), (32, 49), (12, 19), (14, 22), (8, 18), (12, 34), (20, 41), (11, 20), (4, 2), (16, 25), (13, 38), (18, 28), (5, 6), (20, 31), (0, 1), (2, 4), (14, 27), (22, 34), (9, 22), (14, 42), (23, 48), (10, 26), (6, 10), (24, 37), (4, 7), (26, 40), (19, 1), (15, 46), (8, 13), (10, 16), (17, 34), (11, 30), (28, 43), (7, 14)],

"id_B":
	"value": B,
	"coords": [(6, 19), (21, 38), (22, 40), (25, 41)],
	"perms": [((6, 19), (21, 38)), ((6, 19), (22, 40)), ((6, 19), (25, 41)), ((21, 38), (6, 19)), ((21, 38), (22, 40)), ((21, 38), (25, 41)), ((22, 40), (6, 19)), ((22, 40), (21, 38)), ((22, 40), (25, 41)), ((25, 41), (6, 19)), ((25, 41), (21, 38)), ((25, 41), (22, 40))],
	"antinodes": [(25, 41), (16, 38), (7, 35), (18, 32), (46, 48), (29, 44), (26, 48), (9, 14), (8, 12), (17, 30), (9, 29), (37, 45), (28, 42), (7, 10), (6, 8), (19, 39), (16, 28), (15, 26), (10, 36), (1, 33), (13, 32), (33, 47), (24, 44), (5, 6), (25, 46), (49, 49), (14, 24), (40, 46), (23, 42), (22, 40), (31, 43), (17, 35), (1, 23), (13, 22), (6, 19), (3, 2), (13, 37), (43, 47), (4, 4), (12, 20), (21, 38), (20, 36), (2, 0), (5, 26), (10, 16), (34, 44), (4, 34), (11, 18), (19, 34)],

"id_o":
	"value": o,
	"coords": [(6, 22), (7, 6), (12, 15), (13, 11)],
	"perms": [((6, 22), (7, 6)), ((6, 22), (12, 15)), ((6, 22), (13, 11)), ((7, 6), (6, 22)), ((7, 6), (12, 15)), ((7, 6), (13, 11)), ((12, 15), (6, 22)), ((12, 15), (7, 6)), ((12, 15), (13, 11)), ((13, 11), (6, 22)), ((13, 11), (7, 6)), ((13, 11), (12, 15))],
	"antinodes": [(14, 7), (7, 35), (31, 26), (6, 39), (49, 41), (17, 24), (13, 11), (0, 29), (5, 43), (43, 36), (12, 15), (24, 1), (11, 19), (10, 23), (4, 47), (25, 21), (20, 0), (27, 42), (7, 6), (6, 22), (1, 1), (8, 31), (22, 33), (19, 16), (37, 31), (15, 3), (9, 27), (5, 38), (18, 8)],

"id_m":
	"value": m,
	"coords": [(6, 32), (7, 30), (11, 43), (18, 25)],
	"perms": [((6, 32), (7, 30)), ((6, 32), (11, 43)), ((6, 32), (18, 25)), ((7, 30), (6, 32)), ((7, 30), (11, 43)), ((7, 30), (18, 25)), ((11, 43), (6, 32)), ((11, 43), (7, 30)), ((11, 43), (18, 25)), ((18, 25), (6, 32)), ((18, 25), (7, 30)), ((18, 25), (11, 43))],
	"antinodes": [(29, 20), (14, 16), (19, 6), (42, 11), (30, 18), (25, 7), (4, 36), (9, 26), (5, 34), (10, 24), (15, 14), (20, 4), (1, 21), (1, 42), (6, 32), (18, 25), (0, 44), (11, 22), (16, 12), (21, 2), (22, 0), (40, 15), (11, 43), (2, 40), (7, 30), (12, 20), (17, 10), (3, 17), (3, 38), (8, 28), (13, 18), (18, 8)],

"id_X":
	"value": X,
	"coords": [(6, 44), (7, 43), (12, 25), (19, 42)],
	"perms": [((6, 44), (7, 43)), ((6, 44), (12, 25)), ((6, 44), (19, 42)), ((7, 43), (6, 44)), ((7, 43), (12, 25)), ((7, 43), (19, 42)), ((12, 25), (6, 44)), ((12, 25), (7, 43)), ((12, 25), (19, 42)), ((19, 42), (6, 44)), ((19, 42), (7, 43)), ((19, 42), (12, 25))],
	"antinodes": [(10, 40), (26, 24), (11, 39), (32, 40), (43, 40), (34, 16), (1, 49), (18, 32), (2, 48), (41, 9), (12, 25), (42, 8), (31, 41), (32, 18), (48, 2), (17, 33), (33, 17), (49, 1), (3, 47), (39, 11), (8, 42), (24, 26), (9, 41), (25, 25), (40, 10), (19, 42), (15, 35), (31, 19), (16, 34), (47, 3), (22, 28), (6, 44), (7, 43), (23, 27), (46, 4), (14, 36), (30, 20), (38, 12), (35, 15), (18, 6), (5, 45), (13, 37), (29, 21), (45, 5), (17, 7), (20, 30), (36, 14), (21, 29), (37, 13), (5, 8), (44, 6), (27, 23), (43, 7), (12, 38), (28, 22), (45, 38), (19, 31), (4, 46)],

"id_6":
	"value": 6,
	"coords": [(7, 38), (9, 35), (14, 34), (20, 33)],
	"perms": [((7, 38), (9, 35)), ((7, 38), (14, 34)), ((7, 38), (20, 33)), ((9, 35), (7, 38)), ((9, 35), (14, 34)), ((9, 35), (20, 33)), ((14, 34), (7, 38)), ((14, 34), (9, 35)), ((14, 34), (20, 33)), ((20, 33), (7, 38)), ((20, 33), (9, 35)), ((20, 33), (14, 34))],
	"antinodes": [(32, 31), (0, 42), (2, 36), (7, 38), (4, 36), (14, 34), (9, 35), (19, 33), (42, 29), (46, 23), (44, 29), (11, 32), (13, 29), (15, 26), (26, 32), (24, 32), (21, 30), (29, 31), (39, 29), (31, 31), (34, 30), (17, 23), (28, 26), (19, 20), (33, 28), (44, 28), (8, 35), (29, 5), (35, 22), (38, 30), (21, 17), (23, 14), (49, 27), (27, 8), (1, 47), (20, 33), (42, 18), (3, 44), (25, 11), (49, 14), (31, 2), (5, 41)],

"id_s":
	"value": s,
	"coords": [(8, 4), (11, 2), (19, 11), (24, 5)],
	"perms": [((8, 4), (11, 2)), ((8, 4), (19, 11)), ((8, 4), (24, 5)), ((11, 2), (8, 4)), ((11, 2), (19, 11)), ((11, 2), (24, 5)), ((19, 11), (8, 4)), ((19, 11), (11, 2)), ((19, 11), (24, 5)), ((24, 5), (8, 4)), ((24, 5), (11, 2)), ((24, 5), (19, 11))],
	"antinodes": [(9, 23), (8, 4), (4, 29), (14, 17), (27, 20), (40, 6), (35, 29), (14, 0), (11, 2), (41, 25), (5, 6), (37, 8), (30, 18), (43, 38), (24, 5), (19, 11), (2, 8)],

"id_n":
	"value": n,
	"coords": [(8, 17), (9, 38), (12, 42), (17, 33)],
	"perms": [((8, 17), (9, 38)), ((8, 17), (12, 42)), ((8, 17), (17, 33)), ((9, 38), (8, 17)), ((9, 38), (12, 42)), ((9, 38), (17, 33)), ((12, 42), (8, 17)), ((12, 42), (9, 38)), ((12, 42), (17, 33)), ((17, 33), (8, 17)), ((17, 33), (9, 38)), ((17, 33), (12, 42))],
	"antinodes": [(17, 33), (33, 23), (3, 30), (27, 15), (0, 26), (12, 42), (8, 17), (9, 38), (26, 49), (25, 28), (15, 46), (49, 13), (6, 34), (22, 24), (1, 43), (32, 6), (41, 18)],

"id_E":
	"value": E,
	"coords": [(8, 31), (10, 32), (15, 28), (19, 33)],
	"perms": [((8, 31), (10, 32)), ((8, 31), (15, 28)), ((8, 31), (19, 33)), ((10, 32), (8, 31)), ((10, 32), (15, 28)), ((10, 32), (19, 33)), ((15, 28), (8, 31)), ((15, 28), (10, 32)), ((15, 28), (19, 33)), ((19, 33), (8, 31)), ((19, 33), (10, 32)), ((19, 33), (15, 28))],
	"antinodes": [(45, 4), (1, 31), (42, 48), (16, 35), (32, 43), (6, 30), (46, 36), (24, 39), (1, 34), (3, 13), (36, 19), (40, 47), (22, 38), (14, 34), (11, 23), (19, 33), (30, 42), (27, 43), (29, 22), (25, 20), (22, 25), (20, 37), (38, 46), (12, 33), (4, 29), (37, 35), (5, 36), (36, 45), (10, 32), (30, 35), (28, 41), (2, 28), (0, 40), (15, 28), (7, 18), (44, 49), (26, 40), (20, 24), (18, 36), (30, 16), (23, 38), (34, 44), (43, 16), (31, 48), (35, 12), (28, 34), (8, 31), (41, 37), (0, 27), (40, 8)],

"id_3":
	"value": 3,
	"coords": [(8, 48), (9, 37), (10, 41)],
	"perms": [((8, 48), (9, 37)), ((8, 48), (10, 41)), ((9, 37), (8, 48)), ((9, 37), (10, 41)), ((10, 41), (8, 48)), ((10, 41), (9, 37))],
	"antinodes": [(12, 4), (16, 20), (11, 45), (7, 29), (3, 13), (12, 34), (12, 49), (8, 33), (18, 13), (8, 48), (4, 17), (0, 1), (5, 21), (14, 27), (1, 5), (10, 26), (20, 6), (9, 37), (6, 25), (10, 41), (2, 9), (11, 15)],

"id_l":
	"value": l,
	"coords": [(9, 12), (17, 19), (18, 14), (22, 7)],
	"perms": [((9, 12), (17, 19)), ((9, 12), (18, 14)), ((9, 12), (22, 7)), ((17, 19), (9, 12)), ((17, 19), (18, 14)), ((17, 19), (22, 7)), ((18, 14), (9, 12)), ((18, 14), (17, 19)), ((18, 14), (22, 7)), ((22, 7), (9, 12)), ((22, 7), (17, 19)), ((22, 7), (18, 14))],
	"antinodes": [(41, 40), (2, 42), (13, 39), (33, 33), (49, 47), (19, 9), (27, 16), (12, 31), (35, 2), (14, 34), (20, 4), (22, 7), (15, 29), (6, 35), (36, 18), (14, 21), (7, 43), (0, 10), (1, 5), (16, 24), (11, 49), (45, 20), (9, 12), (17, 19), (26, 0), (12, 44), (10, 28), (25, 26), (18, 14)],

"id_k":
	"value": k,
	"coords": [(9, 20), (10, 36), (11, 25), (36, 39)],
	"perms": [((9, 20), (10, 36)), ((9, 20), (11, 25)), ((9, 20), (36, 39)), ((10, 36), (9, 20)), ((10, 36), (11, 25)), ((10, 36), (36, 39)), ((11, 25), (9, 20)), ((11, 25), (10, 36)), ((11, 25), (36, 39)), ((36, 39), (9, 20)), ((36, 39), (10, 36)), ((36, 39), (11, 25))],
	"antinodes": [(13, 30), (8, 4), (36, 39), (9, 47), (10, 36), (19, 45), (12, 14), (11, 25), (13, 3), (15, 35), (5, 10), (1, 0), (7, 15), (17, 40), (3, 5), (9, 20)],

"id_7":
	"value": 7,
	"coords": [(10, 16), (16, 23), (19, 15), (27, 22)],
	"perms": [((10, 16), (16, 23)), ((10, 16), (19, 15)), ((10, 16), (27, 22)), ((16, 23), (10, 16)), ((16, 23), (19, 15)), ((16, 23), (27, 22)), ((19, 15), (10, 16)), ((19, 15), (16, 23)), ((19, 15), (27, 22)), ((27, 22), (10, 16)), ((27, 22), (16, 23)), ((27, 22), (19, 15))],
	"antinodes": [(49, 20), (4, 9), (3, 1), (7, 47), (11, 8), (19, 15), (27, 22), (10, 39), (35, 29), (43, 36), (22, 7), (28, 14), (5, 24), (44, 28), (1, 17), (38, 21), (13, 31), (37, 13), (22, 30), (10, 16), (34, 44), (28, 37), (46, 12), (16, 23)],

"id_b":
	"value": b,
	"coords": [(10, 42), (14, 39), (15, 36), (25, 43)],
	"perms": [((10, 42), (14, 39)), ((10, 42), (15, 36)), ((10, 42), (25, 43)), ((14, 39), (10, 42)), ((14, 39), (15, 36)), ((14, 39), (25, 43)), ((15, 36), (10, 42)), ((15, 36), (14, 39)), ((15, 36), (25, 43)), ((25, 43), (10, 42)), ((25, 43), (14, 39)), ((25, 43), (15, 36))],
	"antinodes": [(26, 30), (13, 42), (11, 48), (15, 36), (2, 48), (40, 44), (6, 45), (30, 18), (17, 30), (19, 24), (30, 27), (45, 0), (10, 42), (36, 47), (23, 12), (27, 0), (25, 43), (21, 18), (34, 24), (25, 6), (12, 45), (40, 6), (14, 39), (25, 24), (38, 21), (5, 48), (16, 33), (20, 21), (18, 27), (22, 15), (20, 30), (18, 36), (22, 33), (3, 35), (24, 9), (42, 18), (5, 29), (35, 12), (26, 3), (46, 15)],

"id_h":
	"value": h,
	"coords": [(11, 21), (21, 24), (22, 31), (28, 32)],
	"perms": [((11, 21), (21, 24)), ((11, 21), (22, 31)), ((11, 21), (28, 32)), ((21, 24), (11, 21)), ((21, 24), (22, 31)), ((21, 24), (28, 32)), ((22, 31), (11, 21)), ((22, 31), (21, 24)), ((22, 31), (28, 32)), ((28, 32), (11, 21)), ((28, 32), (21, 24)), ((28, 32), (22, 31))],
	"antinodes": [(42, 48), (20, 17), (24, 45), (14, 16), (0, 11), (45, 43), (41, 30), (1, 18), (46, 35), (33, 41), (21, 24), (40, 34), (22, 31), (34, 33), (28, 32), (18, 3), (10, 29), (16, 30), (35, 40), (31, 27), (0, 0), (4, 28), (19, 10), (23, 38), (11, 21), (7, 8)],

"id_G":
	"value": G,
	"coords": [(11, 31), (14, 33), (15, 32), (18, 36)],
	"perms": [((11, 31), (14, 33)), ((11, 31), (15, 32)), ((11, 31), (18, 36)), ((14, 33), (11, 31)), ((14, 33), (15, 32)), ((14, 33), (18, 36)), ((15, 32), (11, 31)), ((15, 32), (14, 33)), ((15, 32), (18, 36)), ((18, 36), (11, 31)), ((18, 36), (14, 33)), ((18, 36), (15, 32))],
	"antinodes": [(26, 21), (32, 46), (25, 41), (23, 34), (17, 30), (43, 39), (8, 39), (6, 20), (15, 32), (47, 0), (16, 31), (24, 44), (29, 43), (6, 41), (14, 33), (38, 9), (2, 25), (35, 37), (7, 30), (36, 11), (37, 10), (22, 39), (35, 12), (3, 44), (4, 43), (1, 46), (2, 45), (6, 27), (24, 23), (25, 22), (30, 45), (22, 25), (26, 41), (23, 24), (20, 37), (8, 29), (34, 48), (45, 2), (43, 4), (44, 3), (12, 35), (27, 35), (2, 24), (10, 37), (11, 36), (3, 16), (12, 28), (21, 40), (33, 14), (47, 40), (19, 33), (10, 30), (31, 16), (0, 47), (32, 45), (38, 49), (4, 26), (30, 17), (46, 1), (5, 27), (11, 31), (13, 34), (21, 26), (18, 36), (19, 28), (18, 29), (34, 13), (26, 42), (41, 6), (42, 5), (32, 15), (39, 8), (40, 7), (9, 38), (35, 47), (7, 40), (39, 38), (23, 39), (17, 35), (5, 42), (29, 18), (27, 48), (20, 27), (27, 20), (31, 36), (28, 19), (3, 29), (0, 12), (9, 24)],

"id_y":
	"value": y,
	"coords": [(11, 40), (14, 44), (19, 47), (22, 49)],
	"perms": [((11, 40), (14, 44)), ((11, 40), (19, 47)), ((11, 40), (22, 49)), ((14, 44), (11, 40)), ((14, 44), (19, 47)), ((14, 44), (22, 49)), ((19, 47), (11, 40)), ((19, 47), (14, 44)), ((19, 47), (22, 49)), ((22, 49), (11, 40)), ((22, 49), (14, 44)), ((22, 49), (19, 47))],
	"antinodes": [(6, 39), (8, 36), (9, 41), (17, 48), (3, 33), (4, 38), (22, 49), (0, 31), (2, 28), (11, 40), (19, 47), (1, 35), (10, 41), (13, 43), (16, 45), (7, 39), (5, 32), (14, 44), (4, 37)],

"id_d":
	"value": d,
	"coords": [(12, 0), (15, 1), (17, 2), (20, 13)],
	"perms": [((12, 0), (15, 1)), ((12, 0), (17, 2)), ((12, 0), (20, 13)), ((15, 1), (12, 0)), ((15, 1), (17, 2)), ((15, 1), (20, 13)), ((17, 2), (12, 0)), ((17, 2), (15, 1)), ((17, 2), (20, 13)), ((20, 13), (12, 0)), ((20, 13), (15, 1)), ((20, 13), (17, 2))],
	"antinodes": [(45, 16), (37, 12), (30, 6), (27, 7), (19, 3), (35, 11), (43, 15), (21, 3), (12, 0), (22, 4), (20, 13), (25, 25), (17, 2), (26, 35), (27, 6), (23, 24), (42, 10), (33, 7), (24, 4), (41, 14), (29, 46), (28, 26), (32, 8), (36, 39), (25, 6), (33, 10), (15, 1), (49, 18), (39, 13), (31, 9), (23, 5), (45, 11), (37, 10), (36, 8), (27, 5), (47, 14), (30, 37), (35, 49), (47, 17), (42, 12), (13, 0), (18, 2), (21, 4), (48, 12), (39, 9), (29, 8)],

"id_9":
	"value": 9,
	"coords": [(14, 28), (15, 34), (18, 39), (25, 15)],
	"perms": [((14, 28), (15, 34)), ((14, 28), (18, 39)), ((14, 28), (25, 15)), ((15, 34), (14, 28)), ((15, 34), (18, 39)), ((15, 34), (25, 15)), ((18, 39), (14, 28)), ((18, 39), (15, 34)), ((18, 39), (25, 15)), ((25, 15), (14, 28)), ((25, 15), (15, 34)), ((25, 15), (18, 39))],
	"antinodes": [(17, 46), (12, 16), (14, 28), (16, 40), (11, 10), (10, 17), (25, 15), (13, 22), (6, 19), (36, 2), (15, 34), (24, 49), (3, 14), (10, 4), (18, 39), (12, 29), (0, 9), (21, 44), (9, 24), (6, 6), (3, 41)],

"id_Y":
	"value": Y,
	"coords": [(14, 37), (35, 27), (46, 30), (49, 26)],
	"perms": [((14, 37), (35, 27)), ((14, 37), (46, 30)), ((14, 37), (49, 26)), ((35, 27), (14, 37)), ((35, 27), (46, 30)), ((35, 27), (49, 26)), ((46, 30), (14, 37)), ((46, 30), (35, 27)), ((46, 30), (49, 26)), ((49, 26), (14, 37)), ((49, 26), (35, 27)), ((49, 26), (46, 30))],
	"antinodes": [(37, 42), (46, 30), (35, 27), (49, 26), (34, 46), (7, 29), (21, 28), (40, 38), (2, 18), (13, 21), (14, 37), (43, 34), (24, 24)],

"id_N":
	"value": N,
	"coords": [(15, 29), (18, 24), (31, 38), (34, 27)],
	"perms": [((15, 29), (18, 24)), ((15, 29), (31, 38)), ((15, 29), (34, 27)), ((18, 24), (15, 29)), ((18, 24), (31, 38)), ((18, 24), (34, 27)), ((31, 38), (15, 29)), ((31, 38), (18, 24)), ((31, 38), (34, 27)), ((34, 27), (15, 29)), ((34, 27), (18, 24)), ((34, 27), (31, 38))],
	"antinodes": [(24, 14), (34, 27), (9, 39), (30, 4), (3, 49), (37, 16), (21, 19), (2, 21), (5, 10), (15, 29), (12, 34), (40, 5), (31, 38), (27, 9), (47, 47), (18, 24), (6, 44), (28, 49)],

"id_p":
	"value": p,
	"coords": [(17, 29), (22, 46), (24, 35), (39, 48)],
	"perms": [((17, 29), (22, 46)), ((17, 29), (24, 35)), ((17, 29), (39, 48)), ((22, 46), (17, 29)), ((22, 46), (24, 35)), ((22, 46), (39, 48)), ((24, 35), (17, 29)), ((24, 35), (22, 46)), ((24, 35), (39, 48)), ((39, 48), (17, 29)), ((39, 48), (22, 46)), ((39, 48), (24, 35))],
	"antinodes": [(26, 24), (3, 17), (22, 46), (9, 22), (17, 29), (28, 13), (10, 23), (24, 35), (38, 47), (12, 12), (5, 44), (30, 2), (31, 41), (39, 48)],

"id_c":
	"value": c,
	"coords": [(17, 30), (34, 40), (36, 43), (39, 39)],
	"perms": [((17, 30), (34, 40)), ((17, 30), (36, 43)), ((17, 30), (39, 39)), ((34, 40), (17, 30)), ((34, 40), (36, 43)), ((34, 40), (39, 39)), ((36, 43), (17, 30)), ((36, 43), (34, 40)), ((36, 43), (39, 39)), ((39, 39), (17, 30)), ((39, 39), (34, 40)), ((39, 39), (36, 43))],
	"antinodes": [(32, 37), (48, 27), (19, 43), (12, 7), (9, 45), (24, 42), (14, 10), (39, 39), (29, 41), (45, 31), (34, 40), (17, 30), (0, 20), (36, 43), (42, 35), (16, 13), (18, 16), (44, 38), (33, 47), (49, 37), (20, 19), (22, 22), (38, 46), (40, 49), (24, 25), (26, 28), (8, 1), (10, 4), (28, 31), (14, 44), (4, 46), (30, 34)],

"id_v":
	"value": v,
	"coords": [(20, 40), (37, 26), (39, 23), (40, 31)],
	"perms": [((20, 40), (37, 26)), ((20, 40), (39, 23)), ((20, 40), (40, 31)), ((37, 26), (20, 40)), ((37, 26), (39, 23)), ((37, 26), (40, 31)), ((39, 23), (20, 40)), ((39, 23), (37, 26)), ((39, 23), (40, 31)), ((40, 31), (20, 40)), ((40, 31), (37, 26)), ((40, 31), (39, 23))],
	"antinodes": [(25, 44), (29, 38), (31, 35), (41, 39), (22, 1), (33, 32), (35, 29), (43, 36), (42, 47), (39, 23), (31, 16), (46, 41), (40, 31), (34, 21), (28, 11), (49, 46), (37, 26), (20, 40), (41, 20), (25, 6), (43, 17), (38, 15), (37, 7), (45, 14), (47, 11), (0, 49), (23, 47), (49, 8), (27, 41)],

"id_w":
	"value": w,
	"coords": [(23, 8), (26, 22), (27, 21), (36, 23)],
	"perms": [((23, 8), (26, 22)), ((23, 8), (27, 21)), ((23, 8), (36, 23)), ((26, 22), (23, 8)), ((26, 22), (27, 21)), ((26, 22), (36, 23)), ((27, 21), (23, 8)), ((27, 21), (26, 22)), ((27, 21), (36, 23)), ((36, 23), (23, 8)), ((36, 23), (26, 22)), ((36, 23), (27, 21))],
	"antinodes": [(46, 24), (25, 23), (47, 1), (9, 39), (31, 17), (15, 33), (16, 32), (0, 48), (49, 38), (45, 25), (22, 26), (6, 42), (23, 25), (7, 41), (30, 18), (46, 2), (9, 17), (14, 34), (38, 10), (5, 43), (6, 20), (18, 19), (29, 19), (45, 3), (13, 35), (37, 11), (35, 47), (36, 12), (20, 28), (21, 27), (44, 4), (31, 34), (27, 21), (43, 5), (28, 20), (12, 36), (35, 13), (19, 29), (3, 45), (4, 44), (8, 40), (16, 21), (26, 22), (10, 38), (11, 37), (23, 8), (18, 30), (34, 14), (1, 47), (2, 46), (29, 36), (36, 23), (41, 7), (42, 6), (24, 24), (32, 16), (48, 0), (33, 15), (17, 31), (0, 15), (39, 9), (40, 8)],

"id_A":
	"value": A,
	"coords": [(23, 15), (28, 1), (33, 4), (42, 0)],
	"perms": [((23, 15), (28, 1)), ((23, 15), (33, 4)), ((23, 15), (42, 0)), ((28, 1), (23, 15)), ((28, 1), (33, 4)), ((28, 1), (42, 0)), ((33, 4), (23, 15)), ((33, 4), (28, 1)), ((33, 4), (42, 0)), ((42, 0), (23, 15)), ((42, 0), (28, 1)), ((42, 0), (33, 4))],
	"antinodes": [(24, 8), (38, 7), (28, 1), (42, 0), (13, 43), (13, 26), (0, 3), (18, 29), (48, 13), (43, 10), (6, 16), (23, 15), (14, 2), (15, 12), (3, 37), (4, 30), (33, 4)],

"id_M":
	"value": M,
	"coords": [(23, 48), (28, 36), (33, 49), (46, 43)],
	"perms": [((23, 48), (28, 36)), ((23, 48), (33, 49)), ((23, 48), (46, 43)), ((28, 36), (23, 48)), ((28, 36), (33, 49)), ((28, 36), (46, 43)), ((33, 49), (23, 48)), ((33, 49), (28, 36)), ((33, 49), (46, 43)), ((46, 43), (23, 48)), ((46, 43), (28, 36)), ((46, 43), (33, 49))],
	"antinodes": [(46, 43), (28, 36), (23, 23), (3, 46), (18, 10), (23, 48), (38, 12), (43, 0), (10, 29), (13, 47), (33, 24), (33, 49)],

"id_O":
	"value": O,
	"coords": [(24, 23), (27, 27), (34, 26), (35, 28)],
	"perms": [((24, 23), (27, 27)), ((24, 23), (34, 26)), ((24, 23), (35, 28)), ((27, 27), (24, 23)), ((27, 27), (34, 26)), ((27, 27), (35, 28)), ((34, 26), (24, 23)), ((34, 26), (27, 27)), ((34, 26), (35, 28)), ((35, 28), (24, 23)), ((35, 28), (27, 27)), ((35, 28), (34, 26))],
	"antinodes": [(41, 40), (23, 4), (22, 2), (12, 7), (46, 33), (48, 24), (31, 20), (21, 19), (6, 30), (40, 38), (39, 36), (30, 18), (15, 11), (21, 0), (24, 23), (33, 24), (44, 29), (33, 35), (29, 16), (42, 47), (13, 29), (38, 34), (20, 28), (4, 17), (28, 14), (27, 12), (3, 24), (36, 30), (27, 27), (36, 39), (37, 32), (19, 26), (2, 13), (45, 48), (26, 10), (11, 25), (35, 28), (43, 29), (18, 15), (43, 44), (44, 46), (9, 3), (34, 26), (14, 20), (39, 43), (24, 6), (41, 25), (25, 8), (13, 18), (30, 31), (32, 22), (42, 42)],

"id_2":
	"value": 2,
	"coords": [(24, 43), (43, 18), (44, 24), (49, 17)],
	"perms": [((24, 43), (43, 18)), ((24, 43), (44, 24)), ((24, 43), (49, 17)), ((43, 18), (24, 43)), ((43, 18), (44, 24)), ((43, 18), (49, 17)), ((44, 24), (24, 43)), ((44, 24), (43, 18)), ((44, 24), (49, 17)), ((49, 17), (24, 43)), ((49, 17), (43, 18)), ((49, 17), (44, 24))],
	"antinodes": [(31, 20), (46, 36), (41, 6), (48, 48), (43, 18), (13, 23), (45, 30), (47, 42), (40, 0), (25, 21), (7, 24), (24, 43), (39, 31), (37, 19), (42, 12), (29, 45), (34, 38), (19, 22), (44, 24), (1, 25), (49, 17)],

"id_0":
	"value": 0,
	"coords": [(26, 25), (39, 10), (41, 9), (46, 12)],
	"perms": [((26, 25), (39, 10)), ((26, 25), (41, 9)), ((26, 25), (46, 12)), ((39, 10), (26, 25)), ((39, 10), (41, 9)), ((39, 10), (46, 12)), ((41, 9), (26, 25)), ((41, 9), (39, 10)), ((41, 9), (46, 12)), ((46, 12), (26, 25)), ((46, 12), (39, 10)), ((46, 12), (41, 9))],
	"antinodes": [(4, 0), (45, 7), (31, 14), (21, 19), (7, 26), (11, 2), (41, 9), (27, 16), (17, 21), (3, 28), (18, 4), (13, 23), (47, 6), (11, 41), (36, 6), (37, 11), (23, 18), (6, 38), (43, 8), (32, 8), (25, 6), (33, 13), (19, 20), (5, 27), (9, 25), (31, 3), (39, 10), (26, 25), (29, 15), (15, 22), (11, 24), (1, 29), (13, 40), (26, 0), (49, 5), (46, 12), (35, 12), (25, 17)],

"id_H":
	"value": H,
	"coords": [(26, 40), (41, 18), (42, 15), (43, 31)],
	"perms": [((26, 40), (41, 18)), ((26, 40), (42, 15)), ((26, 40), (43, 31)), ((41, 18), (26, 40)), ((41, 18), (42, 15)), ((41, 18), (43, 31)), ((42, 15), (26, 40)), ((42, 15), (41, 18)), ((42, 15), (43, 31)), ((43, 31), (26, 40)), ((43, 31), (41, 18)), ((43, 31), (42, 15))],
	"antinodes": [(43, 31), (33, 42), (35, 36), (39, 24), (37, 30), (41, 18), (43, 12), (39, 5), (45, 6), (47, 0), (44, 47), (32, 45), (36, 33), (34, 39), (40, 21), (38, 27), (9, 49), (26, 40), (44, 9), (42, 15), (46, 3), (45, 44), (31, 48)],

"id_j":
	"value": j,
	"coords": [(27, 24), (40, 22), (44, 19), (47, 21)],
	"perms": [((27, 24), (40, 22)), ((27, 24), (44, 19)), ((27, 24), (47, 21)), ((40, 22), (27, 24)), ((40, 22), (44, 19)), ((40, 22), (47, 21)), ((44, 19), (27, 24)), ((44, 19), (40, 22)), ((44, 19), (47, 21)), ((47, 21), (27, 24)), ((47, 21), (40, 22)), ((47, 21), (44, 19))],
	"antinodes": [(1, 28), (4, 49), (26, 24), (8, 46), (36, 25), (12, 43), (33, 23), (40, 22), (16, 40), (20, 37), (47, 21), (32, 11), (27, 24), (41, 17), (35, 13), (5, 27), (44, 19), (26, 7), (29, 9), (48, 16), (10, 29), (38, 15), (20, 3), (23, 5), (24, 34), (7, 27), (17, 1), (12, 26), (14, 26), (19, 25), (28, 31), (32, 28)],

"id_e":
	"value": e,
	"coords": [(27, 48), (39, 43), (44, 41), (46, 40)],
	"perms": [((27, 48), (39, 43)), ((27, 48), (44, 41)), ((27, 48), (46, 40)), ((39, 43), (27, 48)), ((39, 43), (44, 41)), ((39, 43), (46, 40)), ((44, 41), (27, 48)), ((44, 41), (39, 43)), ((44, 41), (46, 40)), ((46, 40), (27, 48)), ((46, 40), (39, 43)), ((46, 40), (44, 41))],
	"antinodes": [(32, 46), (48, 39), (42, 42), (38, 44), (29, 47), (34, 46), (44, 41), (30, 48), (25, 49), (40, 43), (34, 45), (36, 45), (27, 48), (32, 47), (46, 40), (24, 49), (49, 39), (39, 43), (28, 49)],

"id_Z":
	"value": Z,
	"coords": [(28, 8), (29, 23), (31, 6), (34, 7)],
	"perms": [((28, 8), (29, 23)), ((28, 8), (31, 6)), ((28, 8), (34, 7)), ((29, 23), (28, 8)), ((29, 23), (31, 6)), ((29, 23), (34, 7)), ((31, 6), (28, 8)), ((31, 6), (29, 23)), ((31, 6), (34, 7)), ((34, 7), (28, 8)), ((34, 7), (29, 23)), ((34, 7), (31, 6))],
	"antinodes": [(34, 4), (29, 23), (34, 7), (4, 12), (24, 39), (4, 24), (46, 5), (46, 11), (25, 10), (25, 4), (16, 1), (16, 10), (16, 16), (27, 40), (37, 2), (7, 22), (37, 8), (28, 5), (19, 2), (28, 8), (19, 14), (10, 11), (40, 0), (40, 6), (10, 20), (49, 12), (40, 9), (31, 6), (30, 38), (1, 26), (22, 3), (22, 9), (22, 12), (13, 0), (43, 10), (13, 18)],

"id_K":
	"value": K,
	"coords": [(28, 28), (29, 22), (33, 31), (34, 29)],
	"perms": [((28, 28), (29, 22)), ((28, 28), (33, 31)), ((28, 28), (34, 29)), ((29, 22), (28, 28)), ((29, 22), (33, 31)), ((29, 22), (34, 29)), ((33, 31), (28, 28)), ((33, 31), (29, 22)), ((33, 31), (34, 29)), ((34, 29), (28, 28)), ((34, 29), (29, 22)), ((34, 29), (33, 31))],
	"antinodes": [(43, 37), (35, 27), (40, 17), (41, 49), (45, 7), (16, 26), (14, 1), (25, 47), (3, 13), (26, 45), (39, 36), (36, 25), (23, 25), (4, 24), (31, 35), (41, 15), (46, 5), (25, 13), (27, 34), (27, 43), (32, 33), (31, 10), (18, 22), (29, 22), (47, 3), (38, 34), (25, 46), (37, 23), (19, 8), (43, 11), (42, 13), (48, 1), (13, 19), (28, 41), (33, 31), (38, 21), (46, 31), (39, 19), (44, 43), (40, 30), (26, 40), (48, 40), (22, 27), (30, 37), (24, 49), (32, 4), (29, 39), (34, 29), (30, 16), (8, 16), (44, 9), (28, 28), (37, 40), (10, 25), (24, 15), (21, 4)],

"id_S":
	"value": S,
	"coords": [(29, 17), (38, 4), (40, 7), (41, 6)],
	"perms": [((29, 17), (38, 4)), ((29, 17), (40, 7)), ((29, 17), (41, 6)), ((38, 4), (29, 17)), ((38, 4), (40, 7)), ((38, 4), (41, 6)), ((40, 7), (29, 17)), ((40, 7), (38, 4)), ((40, 7), (41, 6)), ((41, 6), (29, 17)), ((41, 6), (38, 4)), ((41, 6), (40, 7))],
	"antinodes": [(26, 21), (10, 37), (11, 36), (29, 17), (36, 1), (1, 46), (18, 29), (34, 13), (47, 10), (2, 45), (41, 6), (42, 5), (32, 0), (35, 2), (44, 8), (33, 14), (38, 4), (17, 30), (32, 15), (39, 8), (40, 7), (24, 23), (25, 22), (9, 38), (8, 39), (47, 0), (31, 16), (16, 31), (15, 32), (0, 47), (7, 37), (22, 25), (23, 24), (7, 40), (42, 10), (6, 41), (30, 17), (46, 1), (14, 33), (44, 13), (5, 39), (46, 16), (38, 9), (5, 42), (48, 19), (45, 2), (29, 18), (11, 43), (13, 34), (36, 11), (18, 27), (37, 10), (21, 26), (20, 30), (20, 27), (43, 4), (27, 20), (44, 3), (28, 19), (12, 35), (17, 28), (35, 12), (19, 28), (4, 43), (3, 44)],

"id_V":
	"value": V,
	"coords": [(30, 17), (40, 20), (43, 24)],
	"perms": [((30, 17), (40, 20)), ((30, 17), (43, 24)), ((40, 20), (30, 17)), ((40, 20), (43, 24)), ((43, 24), (30, 17)), ((43, 24), (40, 20))],
	"antinodes": [(25, 0), (10, 11), (37, 16), (20, 14), (43, 24), (30, 17), (40, 20), (17, 10), (4, 3), (31, 8), (49, 32), (34, 12), (46, 28), (0, 8), (28, 4)],

"id_x":
	"value": x,
	"coords": [(30, 32), (35, 41), (40, 39), (49, 38)],
	"perms": [((30, 32), (35, 41)), ((30, 32), (40, 39)), ((30, 32), (49, 38)), ((35, 41), (30, 32)), ((35, 41), (40, 39)), ((35, 41), (49, 38)), ((40, 39), (30, 32)), ((40, 39), (35, 41)), ((40, 39), (49, 38)), ((49, 38), (30, 32)), ((49, 38), (35, 41)), ((49, 38), (40, 39))],
	"antinodes": [(25, 23), (30, 43), (20, 14), (13, 42), (49, 38), (7, 47), (45, 37), (20, 47), (10, 18), (0, 11), (22, 41), (15, 5), (11, 26), (20, 25), (35, 41), (31, 40), (30, 32), (25, 45), (15, 49), (40, 39), (21, 44), (4, 43)],

"id_a":
	"value": a,
	"coords": [(32, 23), (41, 24), (42, 22), (47, 19)],
	"perms": [((32, 23), (41, 24)), ((32, 23), (42, 22)), ((32, 23), (47, 19)), ((41, 24), (32, 23)), ((41, 24), (42, 22)), ((41, 24), (47, 19)), ((42, 22), (32, 23)), ((42, 22), (41, 24)), ((42, 22), (47, 19)), ((47, 19), (32, 23)), ((47, 19), (41, 24)), ((47, 19), (42, 22))],
	"antinodes": [(30, 46), (35, 36), (40, 26), (45, 16), (23, 22), (47, 19), (12, 25), (31, 44), (12, 40), (17, 27), (36, 34), (41, 24), (46, 14), (27, 31), (2, 26), (35, 29), (32, 42), (47, 12), (29, 34), (14, 21), (7, 43), (22, 34), (43, 20), (42, 22), (37, 32), (23, 39), (32, 23), (48, 10), (17, 44), (2, 31), (33, 40), (38, 30), (11, 49), (39, 28), (2, 46), (22, 24), (37, 25), (5, 20), (34, 38), (44, 18), (29, 48), (17, 37), (49, 8), (32, 28)],

"id_T":
	"value": T,
	"coords": [(34, 30), (36, 25), (41, 19), (43, 16)],
	"perms": [((34, 30), (36, 25)), ((34, 30), (41, 19)), ((34, 30), (43, 16)), ((36, 25), (34, 30)), ((36, 25), (41, 19)), ((36, 25), (43, 16)), ((41, 19), (34, 30)), ((41, 19), (36, 25)), ((41, 19), (43, 16)), ((43, 16), (34, 30)), ((43, 16), (36, 25)), ((43, 16), (41, 19))],
	"antinodes": [(38, 20), (45, 13), (47, 10), (25, 44), (36, 25), (44, 5), (21, 43), (21, 49), (48, 8), (49, 7), (23, 46), (27, 40), (28, 45), (25, 43), (29, 37), (16, 49), (31, 31), (34, 30), (29, 34), (42, 10), (31, 34), (46, 13), (22, 43), (30, 40), (33, 31), (35, 28), (32, 35), (39, 22), (40, 15), (26, 37), (46, 0), (37, 25), (41, 19), (43, 16), (27, 41)],

"id_t":
	"value": t,
	"coords": [(35, 33), (43, 34), (44, 37), (46, 42)],
	"perms": [((35, 33), (43, 34)), ((35, 33), (44, 37)), ((35, 33), (46, 42)), ((43, 34), (35, 33)), ((43, 34), (44, 37)), ((43, 34), (46, 42)), ((44, 37), (35, 33)), ((44, 37), (43, 34)), ((44, 37), (46, 42)), ((46, 42), (35, 33)), ((46, 42), (43, 34)), ((46, 42), (44, 37))],
	"antinodes": [(35, 33), (34, 7), (40, 26), (46, 42), (36, 13), (34, 10), (37, 18), (8, 21), (45, 40), (47, 46), (42, 32), (38, 19), (38, 22), (40, 25), (26, 29), (34, 12), (30, 2), (19, 31), (33, 4), (48, 47), (35, 10), (42, 31), (13, 15), (44, 37), (39, 22), (40, 27), (46, 43), (37, 16), (32, 1), (36, 17), (48, 49), (32, 7), (3, 29), (27, 32), (17, 25), (2, 6), (41, 28), (11, 30), (31, 2), (43, 34), (24, 24)],

"id_g":
	"value": g,
	"coords": [(36, 14), (44, 17), (45, 21), (47, 16)],
	"perms": [((36, 14), (44, 17)), ((36, 14), (45, 21)), ((36, 14), (47, 16)), ((44, 17), (36, 14)), ((44, 17), (45, 21)), ((44, 17), (47, 16)), ((45, 21), (36, 14)), ((45, 21), (44, 17)), ((45, 21), (47, 16)), ((47, 16), (36, 14)), ((47, 16), (44, 17)), ((47, 16), (45, 21))],
	"antinodes": [(20, 8), (48, 33), (14, 10), (47, 16), (27, 7), (39, 36), (41, 18), (44, 17), (32, 21), (40, 1), (35, 20), (38, 19), (26, 23), (4, 2), (29, 22), (49, 37), (20, 25), (28, 11), (45, 21), (23, 24), (41, 5), (14, 27), (17, 26), (5, 30), (25, 12), (18, 0), (37, 41), (11, 28), (8, 29), (43, 26), (46, 25), (2, 31), (12, 5), (3, 8), (36, 14), (35, 46), (42, 9), (43, 13), (47, 29), (49, 11), (41, 31)],

"id_u":
	"value": u,
	"coords": [(38, 39), (43, 38), (44, 34), (45, 45)],
	"perms": [((38, 39), (43, 38)), ((38, 39), (44, 34)), ((38, 39), (45, 45)), ((43, 38), (38, 39)), ((43, 38), (44, 34)), ((43, 38), (45, 45)), ((44, 34), (38, 39)), ((44, 34), (43, 38)), ((44, 34), (45, 45)), ((45, 45), (38, 39)), ((45, 45), (43, 38)), ((45, 45), (44, 34))],
	"antinodes": [(24, 27), (41, 31), (41, 46), (39, 24), (47, 22), (17, 21), (10, 15), (3, 46), (46, 26), (8, 45), (13, 44), (3, 9), (37, 17), (45, 30), (18, 43), (23, 42), (45, 45), (35, 10), (43, 23), (28, 41), (44, 34), (33, 40), (43, 38), (32, 44), (48, 37), (38, 39), (26, 49), (31, 33), (41, 1), (33, 3), (42, 12), (49, 14), (48, 18), (42, 42)],

"id_C":
	"value": C,
	"coords": [(39, 46), (42, 29), (43, 47), (44, 48)],
	"perms": [((39, 46), (42, 29)), ((39, 46), (43, 47)), ((39, 46), (44, 48)), ((42, 29), (39, 46)), ((42, 29), (43, 47)), ((42, 29), (44, 48)), ((43, 47), (39, 46)), ((43, 47), (42, 29)), ((43, 47), (44, 48)), ((44, 48), (39, 46)), ((44, 48), (42, 29)), ((44, 48), (43, 47))],
	"antinodes": [(25, 29), (16, 20), (26, 30), (11, 39), (12, 16), (3, 7), (44, 48), (35, 45), (35, 39), (21, 25), (7, 38), (40, 44), (31, 35), (22, 26), (17, 21), (31, 44), (8, 12), (3, 37), (45, 49), (36, 40), (27, 31), (42, 29), (13, 17), (27, 43), (40, 10), (41, 45), (32, 36), (18, 22), (45, 12), (4, 8), (14, 18), (5, 9), (41, 11), (23, 27), (9, 13), (0, 4), (23, 42), (19, 23), (4, 32), (10, 14), (14, 36), (1, 5), (37, 41), (28, 32), (9, 34), (47, 48), (19, 38), (33, 37), (24, 28), (19, 41), (15, 19), (6, 10), (42, 46), (24, 40), (43, 47), (15, 40), (38, 42), (29, 33), (20, 24), (29, 42), (39, 46), (39, 43), (34, 38), (34, 44), (11, 15), (2, 6), (7, 11), (30, 34)],

"id_W":
	"value": W,
	"coords": [(41, 10), (42, 19), (45, 9), (46, 8)],
	"perms": [((41, 10), (42, 19)), ((41, 10), (45, 9)), ((41, 10), (46, 8)), ((42, 19), (41, 10)), ((42, 19), (45, 9)), ((42, 19), (46, 8)), ((45, 9), (41, 10)), ((45, 9), (42, 19)), ((45, 9), (46, 8)), ((46, 8), (41, 10)), ((46, 8), (42, 19)), ((46, 8), (45, 9))],
	"antinodes": [(40, 14), (24, 30), (16, 20), (25, 29), (9, 45), (31, 14), (8, 46), (6, 24), (47, 7), (31, 23), (16, 38), (15, 39), (22, 32), (23, 31), (5, 19), (7, 47), (6, 48), (30, 24), (46, 8), (14, 40), (45, 46), (40, 1), (13, 17), (38, 16), (5, 49), (29, 13), (45, 9), (29, 25), (21, 15), (37, 11), (21, 18), (13, 41), (39, 29), (36, 12), (36, 18), (37, 17), (21, 33), (20, 34), (43, 11), (27, 27), (42, 19), (44, 10), (36, 39), (28, 26), (12, 42), (1, 20), (11, 22), (35, 19), (26, 16), (19, 35), (44, 37), (1, 26), (38, 30), (26, 28), (11, 43), (10, 44), (33, 49), (18, 36), (34, 20), (17, 16), (41, 13), (42, 12), (41, 10), (33, 12), (9, 18), (48, 6), (25, 14), (49, 5), (34, 41), (33, 21), (17, 37), (49, 8), (32, 22), (43, 28), (39, 15)],

